-----------------------------------------------------------------------------------------------------------------------------------------------------------
  Bin Id        Marker lineage    # genomes   # markers   # marker sets   0     1    2   3   4   5+   Completeness   Contamination   Strain heterogeneity  
-----------------------------------------------------------------------------------------------------------------------------------------------------------
  XS83_Bin1   k__Archaea (UID2)      207         145           103        10   132   3   0   0   0       94.27            2.91               0.00          
  XS83_Bin2   k__Archaea (UID2)      207         145           103        10   134   1   0   0   0       92.56            0.97               0.00          
  HM82_Bin2   k__Archaea (UID2)      207         145           103        17   126   2   0   0   0       91.52            1.46               0.00          
  HM82_Bin1   k__Archaea (UID2)      207         145           103        12   129   4   0   0   0       91.26            2.91               0.00          
  HM58_Bin1   k__Archaea (UID2)      207         145           103        14   122   9   0   0   0       89.25            4.12              22.22          
  EGM_Bin1    k__Archaea (UID2)      207         145           103        19   123   3   0   0   0       87.47            2.91               0.00          
  EGM_Bin2    k__Archaea (UID2)      207         145           103        22   116   7   0   0   0       84.15            2.65               0.00          
  SB_Bin2     k__Archaea (UID2)      207         145           103        28   113   4   0   0   0       83.28            1.94               0.00          
  XS87_Bin2   k__Archaea (UID2)      207         145           103        29   116   0   0   0   0       83.12            0.00               0.00          
  HM45_Bin1   k__Archaea (UID2)      207         145           103        22   114   9   0   0   0       83.01            2.81              22.22          
  XS87_Bin1   k__Archaea (UID2)      207         145           103        28   115   2   0   0   0       82.08            1.05               0.00          
  HM81_Bin2   k__Archaea (UID2)      207         145           103        29   111   5   0   0   0       80.92            0.37              80.00          
  HM79_Bin1   k__Archaea (UID2)      207         145           103        27   115   3   0   0   0       79.77            1.46               0.00          
  F_Bin1      k__Archaea (UID2)      207         145           103        30   115   0   0   0   0       75.49            0.00               0.00          
  HM45_Bin2   k__Archaea (UID2)      207         145           103        42   100   3   0   0   0       73.41            0.80              33.33          
  SB_Bin1     k__Archaea (UID2)      207         145           103        39   104   2   0   0   0       72.52            0.73               0.00          
  HM81_Bin1   k__Archaea (UID2)      207         145           103        41   101   3   0   0   0       70.58            2.43              33.33          
  SMM_Bin1    k__Archaea (UID2)      207         149           107        47   100   2   0   0   0       68.64            0.70               0.00          
-----------------------------------------------------------------------------------------------------------------------------------------------------------
